78
876
166
193
875
58
813
116
471
783
331
574
537
916
691
79
961
413
595
527
115
62
50
836
788
617
647
696
628
469
849
778
281
917
446
632
700
736
893
310
951
285
550
711
3
847
981
128
716
316
706
973
219
417
360
475
772
985
424
670
906
170
335
124
269
551
605
315
943
768
898
727
739
464
910
565
65
482
213
501
580
397
790
366
426
497
999
767
722
991
903
688
697
453
230
570
962
988
374
429
694
586
942
243
759
204
533
452
689
380
368
338
769
114
855
755
287
862
614
263
280
594
485
55
601
756
486
340
309
168
354
484
952
618
972
562
109
829
33
181
455
375
712
325
966
610
639
753
644
884
20
842
741
604
912
725
156
406
816
735
153
396
84
160
100
268
466
260
798
347
21
547
272
441
405
657
637
163
244
748
955
633
934
641
77
705
490
510
684
247
992
928
597
493
87
931
963
848
259
965
864
721
26
296
685
423
379
544
63
244
123
86
169
572
775
715
714
106
707
896
404
643
158
426
826
995
595
489
901
660
422
854
958
701
117
475
968
279
807
328
159
315
770
102
589
48
113
334
484
435
746
285
846
774
161
254
801
170
92
659
951
310
596
771
790
0
392

873
168
1
592
274
133
969
701
852
509
373
632
357
718
5
299
338
167
863
812
931
933
916
674
989
69
779
280
956
658
435
614
504
49
132
734
497
627
258
179
64
544
736
40
222
256
490
468
714
645
947
351
871
328
60
889
10
283
493
295
433
92
849
411
832
556
672
827
904
575
22
864
983
624
384
450
413
209
377
663
554
661
741
125
25
303
552
482
352
220
596
511
923
730
415
97
362
495
479
386
154
621
775
149
238
884
251
350
817
382
973
367
886
143
571
599
172
147
445
104
492
750
480
707
657
275
542
866
205
929
72
600
323
277
182
512
46
87
122
311
180
457
474
453
530
634
671
739
932
324
660
326
288
538
822
405
640
176
996
666
924
966
0
455
764
232
605
335
968
711
436
153
677
748
320
126
344
397
558
514
782
569
268
202
824
316
317
951
310
925
977
296
88
689
448
417
94
33
416
333
503
665
488
874
233
815
99
463
265
70
187
228
383
116
808
601
551
584
477
607
885
494
656
208
459
336
655
912
103
835
738
799
910
461
820
700
247
130
777
304
505
546
282
984
241
875
38
994
727
965
444
881
447
165
959
412
749
725
27
173
636
79
888
137
583
803
960
664
216
381
28
802
743
42
11
795
581
972
161
449
870
169
43
365
796
67
198
86
834
15
260
419
860
698
936
814
682
257
442
649
242
163
759
995
58
26
278
259
330
392
942
539
713
485
499
75
375
690
898
733
742
975
399
252
642
30
160
391
868
547
521
105
491
366
717
82
389
740
940
301
744
466
557
900
902
237
784
422
647
197
90
309
967
12
982
142
903
145
264
990
513
120
124
788
576
633
679
284
23
308
62
250
108
66
437
331
537
695
772
562
939
998
958
368
410
118
271
719
626
593
186
914
267
534
29
843
955
401
188
226
212
840
780
911
767
484
138
637
119
615
565
374
737
999
329
921
379
648
603
906
177
98
117
181
669
704
851
106
950
572
625
302
548
74
806
526
981
214
962
844
919
668
897
2
670
793
47
409
697
507
574
193
100
563
19
407
85
123
948
819
909
980
18
644
628
702
396
136
755
475
175
48
899
428
84
763
395
920
189
200
533
907
473
343
529
68
987
424
431
979
760
753
721
269
845
532
646
726
559
426
128
783
531
985
358
53
287
905
527
472
171
662
35
36
225
787
24
140
230
115
270
623
305
792
829
462
465
112
80
423
964
597
978
235
183
273
865
708
478
765
206
481
61
6
420
954
500
941
135
51
8
520
71
290
756
239
543
402
913
922
578
196
705
371
891
502
414
429
953
219
617
786
896
312
918
114
204
293
353
579
166
388
170
332
221
589
164
622
403
218
281
746
213
348
155
294
890
877
127
13
757
794
327
385
848
508
192
249
151
102
129
685
567
926
691
190
732
215
709
629
421
510
406
643
762
934
801
590
781
483
185
566
894
286
635
861
754
93
321
349
156
306
37
836
360
248
441
354
650
7
880
838
517
641
390
620
841
73
50
370
83
471
89
20
667
322
418
496
451
818
928
807
400
747
292
573
325
364
31
553
255
619
32
408
813
266
345
464
522
555
469
785
203
797
139
65
561
937
887
95
17
81
587
307
609
54
162
536
869
261
101
850
313
21
341
272
882
541
363
810
432
853
957
776
944
157
712
774
178
800
236
501
654
467
692
78
582
892
110
618
77
314
150
394
638
340
158
847
771
816
191
876
943
859
184
761
76
134
988
751
830
52
839
141
842
766
107
856
337
805
855
339
346
833
434
470
798
319
96
728
359
355
703
602
540
611
398
639
612
791
446
289
651
895
683
588
427
878
285
4
59
991
680
229
949
961
917
586
879
735
935
393
525
945
699
425
45
789
826
211
523
440
724
606
263
720
653
131
901
297
454
63
595
570
452
631
577
752
598
770
970
722
217
9
460
174
659
291
195
693
506
254
458
971
846
201
938
778
113
443
518
731
963
300
809
245
39
487
678
872
91
564
356
769
376
825
893
111
41
927
109
915
34
243
210
347
524
723
57
207
194
608
974
758
515
675
146
456
253
828
591
498
298
952
768
276
231
823
610
342
684
486
378
55
199
516
686
545
946
279
811
334
568
528
986
224
694
773
930
867
745
560
56
706
997
14
387
550
710
688
318
630
858
244
696
430
489
246
438
729
580
240
673
715
831
380
16
439
908
361
121
227
857
716
262
549
152
652
821
993
144
613
976
862
234
585
681
883
369
837
519
535
676
604
992
476
687
223
1000
790
616
421
248
732
632
685
239
150
382
652
767
1
32
938
405
605
58
216
880
171
423
334
526
686
156
917
133
523
860
55
619
724
73
623
116
228
472
349
247
561
259
645
173
851
174
480
676
432
781
219
505
783
570
471
104
633
982
954
496
316
805
722
511
625
531
119
403
588
791
964
500
752
735
848
278
1000
362
8
193
903
837
727
535
117
199
955
602
825
59
103
563
688
772
566
696
291
444
822
656
858
551
351
931
705
833
385
81
675
658
242
106
158
363
565
463
889
754
626
573
258
217
455
734
466
701
695
818
190
559
80
356
969
126
819
863
30
854
288
713
98
687
214
449
794
179
374
389
110
850
467
762
77
980
335
125
269
549
322
37
212
622
83
888
205
87
726
553
311
166
324
301
394
947
61
741
856
437
567
170
595
663
422
275
197
384
265
875
62
669
368
168
419
703
839
153
707
552
871
808
616
6
296
424
921
115
274
314
189
391
257
262
359
590
415
194
3
736
677
431
763
739
484
589
953
210
983
202
516
45
298
309
209
620
624
108
937
593
128
636
866
823
606
97
380
617
470
515
225
510
569
346
650
306
230
169
353
136
107
290
434
443
404
699
628
482
407
963
761
594
240
397
509
235
94
319
629
785
836
445
638
717
940
456
929
188
0
601
966
798
517
580
915
47
186
723
965
790
2
390
341
599
847
956
167
919
943
502
653
441
406
792
48
36
700
905
813
864
642
744
576
476
460
641
176
631
806
746
545
859
236
800
718
527
426
884
513
222
830
76
377
691
877
465
312
28
801
267
828
891
370
345
344
716
787
90
979
803
796
458
775
849
748
326
486
988
238
520
63
885
780
33
450
401
162
911
243
999
276
793
568
38
181
981
908
192
843
501
9
834
532
844
958
706
924
234
770
538
78
950
57
708
867
203
857
612
105
320
160
41
878
131
925
338
916
944
815
912
948
933
283
270
881
246
387
659
400
102
831
614
789
618
498
674
255
668
749
469
191
596
585
410
329
315
572
608
295
366
528
862
237
440
578
895
681
15
376
17
530
609
331
816
962
100
282
544
740
508
507
425
487
140
226
134
961
861
887
253
68
198
149
522
582
148
673
333
451
920
506
603
715
26
417
268
263
835
293
86
747
281
742
557
355
974
40
873
211
478
584
69
220
372
490
398
163
648
44
112
396
820
970
750
285
721
272
13
577
899
615
992
414
132
672
518
75
343
352
159
519
829
493
670
46
662
840
872
127
546
241
438
906
497
869
874
139
435
111
751
591
96
558
24
852
494
383
489
540
550
842
420
883
25
637
146
541
408
454
129
604
395
654
82
464
764
886
554
710
21
492
330
769
989
684
773
187
720
968
575
165
683
579
896
43
18
537
592
442
475
264
797
811
564
786
201
755
429
95
124
307
876
92
503
560
957
548
280
4
54
52
935
542
993
635
254
273
821
930
952
782
737
711
630
499
809
907
539
760
388
639
364
208
491
412
644
433
949
457
114
67
215
894
533
321
581
841
766
934
488
302
151
926
244
294
587
995
728
976
562
430
229
113
392
373
534
121
927
154
206
19
23
10
932
543
84
7
795
996
325
328
838
946
900
447
122
381
227
704
118
647
27
399
649
279
941
70
256
807
195
655
745
984
778
817
29
730
753
802
812
524
893
768
22
318
719
251
901
50
832
942
135
310
71
361
350
300
123
231
694
474
453
39
365
49
161
452
776
936
337
646
143
682
448
666
182
627
698
909
196
232
379
130
16
951
756
640
323
784
971
459
870
252
51
913
271
446
504
521
34
164
678
918
436
477
213
914
224
481
233
109
890
827
305
547
180
147
207
743
774
31
427
340
714
978
643
613
418
855
413
348
277
824
439
65
660
514
693
144
461
525
218
725
200
137
994
342
611
991
879
249
74
178
327
64
692
998
777
411
250
679
357
600
868
985
378
369
152
779
317
922
729
5
571
20
709
967
479
892
138
360
260
12
402
313
287
529
297
292
939
175
386
799
923
93
671
607
986
512
973
689
155
810
157
308
339
347
758
665
428
354
145
473
882
990
120
845
621
183
664
299
583
42
284
185
902
651
586
697
53
910
634
661
172
221
184
409
375
814
468
289
598
89
757
371
904
610
72
738
367
177
485
85
853
977
826
771
731
99
657
303
972
336
536
556
393
462
35
332
358
495
304
788
142
79
141
597
204
261
680
987
14
898
690
416
266
765
574
960
483
223
66
101
804
865
897
555
91
846
245
11
997
88
945
975
60
702
712
759
667
56
733
286
928
959
657
411
343
991
959
687
442
59
653
81
874
466
200
291
900
162
164
185
951
613
382
418
465
762
539
1
881
736
594
759
646
405
615
371
893
388
845
180
927
857
452
19
425
706
381
605
802
417
600
842
92
477
542
259
892
701
101
150
749
397
528
501
620
218
633
75
310
677
574
765
285
986
37
650
161
90
914
945
884
237
603
529
524
66
447
20
734
727
779
56
756
210
901
953
189
124
643
846
314
809
424
376
252
24
856
616
862
966
940
325
177
42
642
211
315
961
93
208
318
747
221
500
322
470
71
504
792
861
53
952
932
182
869
849
228
595
793
65
502
223
148
822
38
323
253
188
67
662
11
74
48
799
5
479
916
742
800
26
159
232
812
599
277
87
619
496
403
498
544
262
644
226
751
99
598
870
855
917
317
203
68
682
76
739
46
89
711
486
64
671
368
258
462
293
737
672
330
538
692
481
31
341
853
719
509
445
834
282
841
989
752
503
109
745
398
265
429
661
946
125
780
521
283
593
213
797
250
850
333
204
919
186
173
859
468
743
777
399
873
608
983
786
664
63
301
830
77
366
837
142
263
300
387
968
707
351
791
476
998
443
440
413
938
356
908
116
789
985
105
744
907
370
715
699
14
458
694
844
358
236
472
464
40
658
114
3
402
436
937
256
438
290
936
508
506
895
558
95
858
422
316
740
453
860
720
420
624
576
190
154
955
58
703
364
649
541
766
722
340
698
683
708
308
305
281
990
805
133
918
386
514
772
50
160
60
272
312
4
572
179
235
623
441
296
156
931
748
590
575
414
981
406
143
426
271
533
62
923
602
147
654
475
887
875
334
168
520
556
612
309
738
540
821
750
815
537
257
659
247
391
776
801
435
825
347
187
702
577
494
238
979
246
770
297
755
243
732
890
266
33
165
357
712
550
906
910
621
648
220
684
866
925
933
6
319
561
511
166
784
718
488
714
960
833
987
287
401
939
988
400
896
709
288
868
879
819
920
741
871
570
302
407
640
55
206
840
641
299
294
783
826
123
813
610
174
419
926
121
415
848
275
681
91
885
913
367
831
372
921
817
421
21
280
457
10
635
111
239
231
274
404
219
135
929
836
717
171
816
132
365
975
569
788
735
554
205
344
957
212
375
234
201
98
798
963
183
451
198
617
622
596
471
248
827
580
878
573
915
12
851
473
536
349
516
958
666
97
942
448
332
625
444
0
112
588
607
578
115
941
685
331
191
51
691
880
338
560
490
392
562
771
678
518
774
306
782
267
249
571
72
582
627
28
977
497
611
547
493
195
96
209
284
491
829
512
994
39
229
176
970
22
656
949
54
327
725
240
460
680
94
408
609
721
904
912
568
526
155
139
978
146
241
199
492
513
385
628
652
688
773
430
423
224
353
145
181
480
193
167
548
660
676
119
583
276
483
15
828
446
585
689
389
469
882
693
369
354
728
70
197
157
674
899
964
767
326
286
530
467
804
16
852
260
993
753
950
764
127
999
298
638
710
361
891
100
128
41
230
303
13
2
450
484
696
597
73
886
565
437
363
965
980
974
591
82
637
487
863
723
459
120
956
865
775
905
289
84
505
510
934
697
110
567
584
806
380
292
222
557
474
328
531
432
439
962
295
566
151
729
394
9
454
350
700
225
592
527
245
216
665
456
80
163
982
757
32
639
499
553
169
103
835
69
339
992
579
463
555
630
632
995
781
888
549
763
935
877
724
47
754
396
79
507
342
601
679
971
867
34
427
614
336
535
839
746
954
137
108
814
242
270
731
564
761
631
519
532
194
787
790
273
126
153
482
233
928
184
909
461
416
944
669
705
36
704
431
348
393
52
321
768
534
808
872
106
997
785
196
85
178
202
969
57
778
716
902
686
27
903
713
760
847
876
35
86
345
695
412
948
485
967
379
655
832
118
930
144
668
360
645
864
818
104
525
207
586
383
647
88
136
478
636
943
313
854
335
996
972
823
279
261
546
984
433
304
384
215
824
629
489
362
44
410
268
352
883
129
589
551
758
130
515
152
25
214
320
663
278
922
269
838
675
726
434
355
973
131
30
796
807
1000
374
395
523
543
604
378
102
373
634
264
359
107
141
820
251
254
587
83
545
552
559
730
45
843
307
61
255
149
803
158
947
192
117
390
581
924
122
794
311
29
43
522
78
810
134
811
49
667
8
329
563
733
449
898
690
626
377
227
140
18
244
889
976
897
673
113
324
7
495
409
23
911
455
606
517
651
172
618
17
670
170
337
138
175
346
428
894
795
217
769
555
688
691
238
298
527
237
301
548
398
678
784
554
740
538
802
366
528
881
474
522
306
380
827
243
20
988
300
502
664
637
104
71
867
939
540
316
448
861
612
953
265
673
457
549
171
562
262
689
226
792
453
406
83
318
354
845
332
525
605
245
741
9
200
966
958
335
888
208
704
174
833
683
250
550
154
511
229
129
783
303
752
889
193
430
711
870
764
611
950
368
7
29
274
650
583
179
905
904
946
620
531
276
470
515
433
556
815
184
876
865
461
231
40
365
749
304
136
425
308
188
944
241
221
464
795
163
155
759
247
915
862
919
323
777
38
974
290
131
589
201
441
239
717
92
918
183
434
32
94
885
346
661
82
124
933
644
210
840
702
848
835
501
773
485
59
312
224
44
923
77
997
381
975
402
206
906
775
738
74
476
160
209
883
11
510
140
576
891
839
545
529
436
314
321
622
72
393
339
65
809
779
437
794
771
703
709
665
52
755
467
798
503
351
3
744
874
47
719
733
258
55
642
342
432
416
458
841
187
472
98
786
993
807
864
825
232
419
12
69
234
979
575
670
800
721
76
194
409
564
452
404
713
734
699
970
534
390
482
114
397
698
488
506
890
283
111
623
546
62
1000
781
750
812
449
205
173
603
981
641
790
985
162
134
879
729
829
161
399
202
492
520
635
126
389
79
119
53
128
285
386
292
348
395
422
836
679
454
608
727
598
340
655
672
484
18
730
296
490
486
695
34
940
875
97
115
0
913
495
998
388
872
255
359
478
21
330
903
983
384
949
16
960
358
263
537
604
220
36
687
414
158
37
754
164
851
259
251
657
600
418
66
956
58
407
459
697
281
680
500
222
751
344
577
613
842
643
87
282
70
444
331
722
539
428
780
294
782
900
31
803
90
353
597
544
573
341
671
942
417
466
817
122
624
2
898
978
51
938
254
400
669
596
415
728
654
787
100
976
295
521
526
955
850
190
146
819
374
580
19
826
936
706
109
656
758
192
138
708
585
462
91
117
391
692
552
959
715
871
103
929
856
257
843
80
660
634
676
279
213
530
628
8
855
429
772
499
519
593
617
313
746
684
45
579
736
268
159
310
6
175
863
272
507
720
199
479
41
230
658
943
663
435
535
1
275
494
291
820
894
770
621
394
299
93
566
108
61
327
762
242
666
884
806
674
343
469
961
785
307
873
916
10
629
271
557
355
814
67
647
78
536
30
964
735
588
574
212
64
223
799
96
810
553
700
493
102
854
396
5
995
325
382
333
910
350
582
151
302
705
57
277
517
877
753
261
446
639
957
561
570
917
236
568
925
813
791
497
477
328
982
215
329
714
563
895
169
145
473
442
614
947
383
125
516
357
737
43
615
379
412
424
609
768
182
451
892
105
326
63
723
987
26
48
822
147
882
127
924
971
627
533
423
518
455
606
273
204
362
512
591
450
559
15
207
858
431
463
413
385
240
56
148
849
219
899
725
846
509
945
551
185
252
167
999
989
963
920
13
278
86
707
901
505
487
4
42
977
116
992
440
319
123
838
411
837
178
364
289
489
569
89
896
774
742
667
801
646
228
168
352
14
542
991
481
49
356
349
75
731
491
107
930
769
572
99
816
618
788
651
866
508
360
748
560
156
438
320
747
311
264
980
483
969
95
84
405
716
602
830
361
130
937
811
427
633
309
857
198
375
27
248
347
439
186
828
496
153
649
831
246
260
921
445
631
648
191
338
996
796
177
403
180
760
216
948
724
81
369
952
677
844
951
106
33
696
693
880
420
315
968
886
793
640
972
28
902
305
984
694
824
914
523
196
336
547
543
410
22
60
908
818
994
150
710
590
690
176
954
893
46
682
426
652
630
558
662
121
834
39
317
619
371
965
137
922
143
253
286
504
532
745
165
363
471
166
766
480
181
157
280
567
912
571
941
142
514
931
852
578
110
626
370
756
227
465
139
592
256
718
805
468
135
269
225
926
235
986
616
653
297
334
498
456
797
23
804
189
584
24
372
743
25
668
345
595
821
869
377
909
847
610
645
761
887
632
288
367
149
712
218
378
581
962
101
897
601
587
421
832
447
907
270
287
214
337
132
763
878
675
928
973
195
868
638
17
392
217
133
701
324
460
860
293
284
990
565
118
373
739
524
197
859
607
681
68
387
685
376
475
778
54
541
823
244
73
732
853
233
765
35
935
141
266
599
636
112
203
586
932
322
120
144
211
934
88
776
808
113
267
625
927
172
726
443
686
50
249
594
911
789
170
967
513
152
757
401
659
408
85
767
840
376
729
442
810
422
504
320
393
831
303
522
669
195
780
675
790
29
2
746
74
239
378
357
732
56
113
308
143
146
667
236
17
37
497
471
797
998
373
40
92
501
293
423
461
368
271
763
344
323
944
527
806
495
792
329
176
108
24
870
663
784
420
70
559
621
609
380
374
765
752
106
140
365
246
97
82
798
876
175
55
15
224
940
593
68
87
774
518
807
908
587
356
648
377
641
610
773
877
961
981
1
711
716
291
251
98
968
612
220
893
177
390
158
94
362
266
238
249
710
733
909
935
133
159
743
301
671
789
468
823
426
653
702
926
972
103
636
815
720
284
139
682
517
546
257
150
927
939
646
71
260
616
144
439
411
129
761
392
99
23
903
519
31
738
615
432
43
573
787
33
578
724
18
975
598
391
78
410
862
169
163
250
85
719
673
513
206
526
829
389
209
180
361
510
136
613
314
713
971
111
938
343
409
822
265
751
157
576
416
528
317
225
707
606
430
350
589
234
985
328
982
868
629
375
406
833
270
608
13
946
611
553
287
811
200
496
313
532
67
957
466
318
493
962
956
809
486
709
618
919
930
305
577
148
429
388
845
86
625
187
623
556
841
701
548
825
570
352
679
542
508
404
114
782
27
579
993
215
873
910
920
312
162
672
659
889
852
398
354
892
637
776
834
600
307
491
81
649
247
948
197
462
340
191
769
487
505
285
846
549
88
199
482
994
353
687
332
523
681
999
966
932
431
828
880
721
848
436
566
515
632
290
445
79
952
214
269
69
547
759
654
331
54
379
988
688
237
4
454
737
749
925
289
562
824
843
42
550
655
268
166
627
821
706
427
536
614
60
816
704
666
138
245
902
887
620
30
987
186
89
715
826
10
869
52
483
552
421
502
96
168
460
500
459
676
791
651
478
396
563
560
453
764
596
668
61
918
995
458
781
830
953
951
457
223
567
882
193
359
358
122
647
725
793
160
631
32
730
937
812
757
371
963
872
192
565
364
205
437
402
11
722
753
297
222
772
219
443
286
142
77
145
924
9
742
886
626
509
335
964
76
717
564
690
407
41
551
907
372
758
726
399
441
34
662
39
299
785
325
184
541
849
960
347
455
818
21
298
804
967
912
227
424
147
292
983
768
539
778
747
382
337
735
941
786
415
624
414
705
586
794
446
871
890
316
936
309
582
183
324
703
594
117
282
680
921
544
599
619
634
866
506
256
167
62
741
333
492
766
448
604
259
119
906
110
977
198
456
401
19
739
929
904
278
700
283
435
640
355
734
47
171
258
800
974
949
59
336
712
989
788
744
601
699
664
433
832
112
417
315
771
683
280
628
537
603
95
661
50
630
44
901
135
714
854
254
674
120
750
978
997
91
123
837
498
339
327
22
83
28
813
109
894
444
288
658
708
425
267
477
102
413
469
689
897
383
58
93
568
394
204
221
499
408
796
943
252
226
90
319
151
274
213
754
304
385
524
263
853
173
381
538
808
969
867
855
207
272
835
465
657
116
898
351
300
861
115
321
684
481
685
20
212
57
452
992
35
516
370
338
277
179
639
464
693
124
231
405
295
503
665
911
694
580
934
847
64
857
489
900
644
65
190
104
959
152
514
306
241
990
836
884
979
181
202
879
218
865
814
72
858
633
149
240
850
915
597
386
775
691
367
695
473
131
731
348
248
545
342
802
723
203
14
642
450
228
965
66
554
530
728
558
322
820
475
0
233
827
494
484
130
805
863
923
128
885
592
770
48
555
540
617
512
479
296
8
698
310
419
656
984
341
6
755
756
991
107
412
46
945
84
467
178
859
543
799
535
232
418
954
488
585
602
244
400
777
686
574
507
605
208
100
105
16
156
229
345
931
330
973
795
134
718
395
63
334
485
916
101
762
838
132
856
80
185
557
276
525
891
760
745
196
914
53
25
476
881
958
697
529
740
326
242
878
472
883
1000
584
174
839
360
895
217
801
255
575
346
520
463
447
182
261
49
670
262
397
155
569
194
595
692
928
161
449
819
279
253
5
874
996
3
970
660
75
165
126
933
387
851
783
153
118
275
363
875
281
652
73
767
440
470
230
438
803
121
864
12
572
311
302
635
638
216
922
434
366
643
125
534
947
490
141
7
950
581
955
137
210
561
38
976
294
607
384
727
736
622
986
480
188
369
588
533
474
844
451
201
164
860
696
645
154
349
842
678
917
26
211
591
273
36
748
899
980
896
583
913
590
428
264
243
650
677
531
45
571
127
235
779
170
888
942
817
905
172
521
51
403
511
189
419
869
643
216
257
487
385
323
225
410
55
393
974
532
946
155
878
40
502
916
476
902
773
77
352
146
849
757
161
811
965
918
215
639
401
132
850
243
45
369
60
580
659
716
460
525
212
258
92
360
720
624
481
820
507
954
749
772
193
331
992
413
338
159
781
814
472
702
217
618
180
140
122
815
537
826
938
290
790
654
151
842
66
107
894
662
544
46
608
924
756
172
139
865
498
461
367
579
510
832
701
207
24
535
222
691
513
709
886
349
672
554
301
265
248
175
594
758
824
47
273
190
937
309
764
653
187
475
809
671
173
917
959
133
997
881
785
903
62
106
184
871
688
496
134
868
640
631
833
630
208
4
407
926
753
743
828
524
363
480
129
491
453
235
499
761
887
827
511
30
675
470
531
725
656
952
488
67
117
572
983
636
21
907
263
500
534
344
35
933
593
237
541
85
259
404
412
870
798
36
326
52
664
10
999
861
95
988
834
389
634
908
497
203
58
944
979
526
18
823
34
417
405
78
717
374
689
169
441
241
98
638
229
883
304
668
39
947
118
409
657
423
601
110
79
520
245
922
86
836
357
864
82
919
853
188
742
961
595
774
33
421
514
483
26
264
882
202
527
506
406
949
43
189
736
812
696
576
69
342
569
936
892
877
294
706
592
728
315
11
311
434
64
15
800
603
137
226
459
930
19
673
322
858
415
951
388
563
796
343
416
956
425
396
669
386
577
51
644
964
744
921
822
767
835
607
885
570
651
29
591
260
296
335
751
623
116
700
430
359
447
295
674
223
442
829
330
740
617
399
377
660
567
731
985
571
645
817
948
841
797
741
955
191
695
528
945
765
101
697
292
96
914
281
152
978
446
574
995
94
74
329
449
897
142
632
54
268
542
888
463
615
768
923
599
755
895
589
197
522
183
177
316
943
635
747
633
351
682
379
614
378
649
392
307
909
361
270
495
713
428
324
44
957
83
990
8
552
681
779
157
37
958
334
327
732
93
252
411
124
73
427
99
540
380
467
280
102
492
387
420
147
196
780
179
354
890
149
50
735
353
714
164
178
42
573
256
320
432
987
752
435
825
474
550
494
174
931
182
25
464
898
433
205
821
619
509
698
105
293
333
838
769
1000
852
991
466
348
250
872
38
942
53
555
627
971
687
745
28
103
840
437
473
457
141
403
929
375
347
373
816
504
382
556
238
584
402
391
266
277
915
454
97
485
91
65
244
605
306
0
291
515
692
723
973
271
621
319
144
530
950
876
220
84
724
126
255
362
501
200
538
667
100
328
989
856
89
787
963
104
807
848
312
518
170
568
962
462
598
860
647
711
977
981
231
512
395
680
145
287
560
76
163
17
969
622
875
562
629
445
337
966
684
246
582
637
693
771
901
806
276
247
588
808
61
486
719
708
5
521
893
162
516
325
712
345
465
299
458
310
111
641
609
585
218
493
616
444
587
1
358
581
661
75
862
600
523
839
642
855
596
939
371
778
927
267
14
317
729
451
121
733
551
721
321
57
214
665
564
143
678
274
610
283
529
679
783
760
366
355
424
469
443
278
880
397
813
884
285
625
32
308
209
873
940
913
439
891
336
984
704
830
313
727
479
590
658
548
23
976
575
489
553
722
650
448
900
794
670
234
176
41
108
934
236
340
996
426
786
456
213
125
90
666
254
2
219
539
72
440
332
438
71
899
356
269
847
536
694
167
994
195
131
851
565
970
153
156
910
194
422
477
775
867
249
9
613
49
685
302
941
845
863
339
904
16
364
911
7
198
114
484
799
136
490
972
400
284
211
381
762
88
240
547
819
398
874
288
750
932
128
801
48
154
857
181
289
517
119
805
776
795
699
646
792
804
436
384
370
889
968
906
935
928
754
59
135
578
519
854
6
204
803
737
746
896
789
707
748
120
372
298
879
705
967
275
655
206
224
3
620
368
549
960
545
160
508
810
365
186
715
726
253
612
802
503
766
165
408
730
718
20
784
912
763
831
690
628
703
559
982
866
123
303
759
611
148
905
81
606
505
429
557
228
346
710
626
597
920
227
686
648
602
87
788
846
390
279
414
844
450
112
583
115
80
232
282
192
543
482
286
138
383
13
652
739
998
171
683
341
233
566
478
980
859
394
604
677
533
305
418
70
201
350
158
31
199
242
738
127
113
251
318
676
993
221
230
22
63
56
468
770
455
168
561
546
272
986
300
925
262
975
68
558
452
782
12
953
109
130
185
663
431
166
777
734
376
843
471
27
150
297
837
314
239
791
818
793
261
586
210
488
407
808
80
422
75
458
460
660
573
924
58
906
993
821
707
576
60
807
541
411
319
23
603
284
295
61
952
842
530
370
781
466
865
335
484
991
44
179
234
28
69
512
695
133
381
184
211
861
759
582
159
661
621
694
787
828
132
564
364
15
292
720
609
113
958
859
988
286
309
413
960
543
118
805
830
216
983
48
130
646
852
258
342
192
72
764
456
227
210
416
154
339
248
397
954
586
871
102
905
64
22
62
321
393
136
429
449
533
52
176
755
850
438
214
559
6
705
789
649
953
674
183
482
802
980
984
643
535
813
42
978
24
687
116
538
916
539
970
689
441
685
207
763
94
639
590
328
367
240
544
799
262
762
907
670
570
992
323
611
926
239
560
255
556
758
509
235
868
546
417
452
943
814
187
664
195
857
266
157
475
13
503
723
580
412
172
480
349
995
127
74
653
801
267
888
870
110
269
341
614
464
635
218
11
615
205
885
454
252
931
534
975
208
877
627
864
384
365
740
308
280
181
467
824
201
944
126
432
115
427
489
640
571
303
238
199
947
35
12
600
444
490
510
160
232
165
867
708
880
245
423
884
917
919
772
415
2
589
325
875
961
392
986
121
528
440
956
249
834
977
536
746
105
886
507
140
260
242
741
372
88
702
561
209
479
95
620
272
34
51
285
553
540
18
246
27
895
981
701
608
583
855
816
971
959
957
123
391
194
745
394
144
161
962
84
757
275
376
16
167
351
974
291
604
963
776
760
310
914
872
217
30
244
810
686
784
433
463
739
557
797
791
526
263
366
431
883
162
547
668
362
902
518
724
158
120
548
522
513
818
361
575
426
32
598
419
505
767
728
771
966
574
747
336
722
383
827
223
14
114
296
230
204
622
379
716
591
965
213
402
692
699
196
819
294
897
841
750
688
448
324
82
288
104
231
67
261
241
346
151
786
439
495
281
37
996
70
276
593
270
845
812
748
831
453
985
658
469
610
26
908
340
925
318
811
283
761
386
770
876
274
899
373
369
889
8
999
331
1
468
352
153
186
856
430
567
149
117
31
878
46
99
54
631
839
882
312
163
578
170
57
655
332
588
854
504
306
893
549
803
904
809
636
625
709
592
927
618
455
642
250
626
645
304
219
669
155
93
676
915
29
45
900
197
987
477
840
322
491
300
844
191
450
314
929
421
731
524
388
673
619
47
832
228
587
169
949
10
710
826
299
494
7
148
334
307
188
725
697
982
938
166
481
890
735
443
976
221
257
712
316
400
175
451
597
49
305
109
964
459
732
765
994
913
409
100
644
125
843
911
98
863
251
667
485
879
677
19
403
887
666
903
682
33
486
684
68
979
794
9
4
368
147
36
182
478
601
108
778
829
577
517
749
220
629
641
552
616
946
656
623
508
752
279
532
164
940
247
754
128
150
445
554
729
91
406
73
545
599
647
289
511
268
775
617
866
21
78
410
768
569
704
420
96
399
311
271
506
435
628
715
395
804
790
333
290
881
498
206
605
873
350
744
650
632
662
624
606
141
380
769
602
584
76
56
529
516
282
774
815
233
596
389
934
892
700
817
726
343
447
853
683
633
823
3
0
63
200
202
189
663
671
691
846
124
901
142
79
777
973
146
390
698
473
382
753
156
521
499
273
937
891
730
990
932
357
860
385
222
55
968
131
168
193
337
465
898
86
20
782
326
277
792
519
92
173
838
566
742
293
706
515
681
696
81
377
152
806
727
967
405
500
143
355
359
520
733
171
651
657
756
955
425
565
718
317
862
404
894
119
922
43
408
360
933
243
254
329
795
476
928
918
103
737
497
39
236
836
330
190
375
356
572
800
514
5
287
594
921
713
65
41
941
259
371
743
678
680
672
550
428
487
87
531
315
912
637
951
847
414
396
703
90
134
40
785
327
848
363
145
101
751
237
998
436
736
837
654
25
563
969
265
185
225
869
256
798
483
358
203
226
793
472
387
721
278
734
634
301
690
825
630
424
665
679
474
111
85
437
719
112
66
833
174
783
354
313
502
537
648
948
1000
936
442
766
942
558
374
523
945
581
137
401
595
780
347
501
297
38
923
527
378
874
229
659
896
53
568
345
97
835
461
215
796
434
89
858
264
180
348
135
585
935
693
638
212
738
338
714
542
910
471
939
492
462
398
302
106
107
779
50
822
613
224
989
253
579
129
122
353
138
470
930
59
788
77
446
675
525
972
17
820
950
457
612
717
997
849
493
298
920
177
344
418
773
71
139
320
555
851
198
652
551
711
562
909
496
607
83
178
909
320
817
477
615
233
298
531
98
975
303
845
677
776
567
38
986
89
855
756
306
968
524
919
517
48
842
985
785
104
836
162
993
536
848
745
938
895
754
514
354
40
750
491
170
76
570
484
805
186
863
665
781
683
738
616
219
498
717
441
904
818
422
256
391
898
728
99
987
992
270
624
479
307
621
982
224
814
301
749
713
810
49
166
102
761
352
766
62
600
714
309
556
963
725
319
585
123
916
574
502
36
976
577
513
529
829
94
115
457
534
293
672
595
461
844
430
760
784
444
720
950
645
449
783
31
663
465
887
168
198
19
75
792
695
189
330
931
197
530
61
485
140
894
374
499
691
994
359
220
795
311
194
667
269
928
757
768
467
701
27
356
656
392
266
638
674
433
718
496
459
736
980
295
178
912
897
443
2
124
276
719
132
183
145
522
111
826
41
623
681
34
755
366
972
589
877
647
890
697
190
351
152
659
371
839
475
428
737
564
923
173
100
506
285
966
91
281
657
71
445
746
143
831
407
386
526
398
790
323
758
989
969
981
58
24
652
875
206
727
328
671
182
12
156
971
730
252
169
257
389
762
608
284
978
726
248
74
528
925
865
403
489
566
715
789
543
438
933
52
51
711
838
431
622
956
670
13
350
492
244
497
44
807
866
324
984
581
237
914
834
583
109
555
474
20
393
8
54
558
402
388
942
592
873
235
108
905
347
508
800
505
175
684
690
458
312
400
451
735
3
425
821
192
637
274
661
881
803
535
494
598
271
953
692
1000
962
326
148
959
964
296
565
126
153
588
830
512
255
579
149
172
81
151
493
53
703
983
620
228
225
631
5
808
495
221
625
607
970
849
63
796
550
688
460
381
21
370
95
937
777
33
926
872
504
900
601
395
876
4
885
415
408
693
28
335
222
450
250
868
432
468
764
775
360
46
187
961
537
955
165
245
958
694
995
466
869
584
853
798
120
308
383
602
434
217
446
216
470
903
119
997
348
282
227
137
698
133
706
260
705
664
439
254
341
862
249
629
542
455
646
336
361
390
181
321
813
732
283
930
908
473
943
486
786
29
685
551
65
205
544
367
812
767
163
406
463
918
290
587
146
64
317
686
977
654
113
196
641
278
384
131
774
770
97
847
440
722
960
334
327
437
318
580
910
533
121
218
696
779
888
689
515
559
423
854
651
418
368
765
734
15
541
569
130
858
405
247
819
917
159
952
828
316
878
590
404
160
771
547
906
478
510
596
782
797
780
773
633
56
605
280
128
841
788
482
630
272
540
314
18
655
246
825
518
617
93
261
902
932
539
947
289
742
859
676
66
410
7
203
501
554
724
394
949
369
399
339
397
562
809
871
150
401
310
704
412
240
376
277
59
816
586
922
106
561
83
793
743
503
223
416
575
699
889
125
188
632
532
258
939
560
709
639
702
265
772
333
25
948
87
17
929
954
101
549
951
294
92
110
747
880
226
72
548
1
867
154
436
103
210
139
232
582
50
827
9
55
609
184
604
483
79
843
627
253
678
927
42
292
545
794
26
476
957
268
174
84
343
209
375
275
429
251
979
820
155
180
325
481
856
759
57
563
748
787
355
626
195
921
193
879
427
658
340
802
712
447
739
305
472
107
30
520
469
142
114
509
304
358
365
500
823
212
557
362
568
377
136
372
525
363
996
707
924
852
35
10
612
941
673
753
824
729
112
426
635
332
86
345
791
243
85
329
177
668
214
614
0
373
259
32
998
6
82
611
164
884
73
648
511
234
138
634
45
901
201
47
207
127
242
273
299
488
382
708
613
241
414
662
507
751
364
967
11
490
116
80
267
860
185
940
200
578
67
935
171
527
297
14
421
990
538
599
974
487
999
740
603
763
118
833
60
167
899
644
411
37
571
315
147
593
286
129
907
199
893
78
204
832
618
546
682
96
264
769
799
519
420
597
179
208
752
134
835
16
231
991
300
409
353
619
141
642
804
687
239
521
733
552
202
610
349
744
480
229
840
337
385
553
716
378
896
157
650
424
883
456
413
870
576
591
965
660
649
741
710
721
238
640
291
946
723
288
43
236
122
442
573
778
572
287
452
811
380
215
822
462
874
90
606
731
594
988
944
262
850
191
666
105
675
211
213
454
263
302
144
23
279
117
680
68
387
69
846
313
891
857
886
464
77
973
669
806
338
435
176
934
837
379
344
346
357
945
801
322
864
851
892
653
419
516
920
636
342
679
448
331
911
913
936
88
523
22
396
453
70
815
471
700
915
861
628
158
135
161
230
882
643
39
417
587
820
540
776
785
760
606
154
639
60
555
635
5
884
317
751
318
803
957
946
896
681
230
684
787
780
907
644
893
420
197
592
619
87
316
937
729
125
744
961
997
122
76
417
457
734
43
697
153
443
553
71
4
117
19
913
472
496
370
15
441
251
12
168
341
412
238
290
162
404
948
146
378
665
24
255
291
358
244
524
206
423
120
393
782
748
427
779
559
278
62
824
222
218
65
37
392
489
327
591
862
981
933
805
159
156
438
866
73
306
656
514
439
152
307
95
947
899
203
491
456
752
181
702
494
887
611
538
465
875
86
196
695
736
424
36
470
921
677
676
44
851
654
45
282
323
287
305
303
292
964
455
195
636
906
972
352
322
834
50
917
558
118
666
983
703
202
714
405
173
379
440
58
360
828
835
954
361
331
994
894
357
645
329
354
892
987
123
816
429
216
296
881
309
969
213
568
326
537
286
6
176
353
873
845
764
825
922
530
342
784
512
390
479
245
691
646
543
963
343
344
82
637
682
59
183
802
732
185
492
999
855
869
526
951
852
794
698
144
786
380
581
236
754
603
864
483
612
310
926
745
433
221
142
335
227
653
171
248
270
549
925
26
214
80
40
615
772
846
478
552
141
34
30
548
367
673
192
523
678
819
570
165
237
301
810
879
99
544
655
21
285
971
627
795
57
743
728
349
369
662
604
366
381
184
391
454
632
297
762
401
315
871
107
843
459
81
763
179
461
253
573
402
311
897
590
895
345
670
539
700
970
903
158
421
706
56
624
687
793
586
771
356
831
418
929
778
860
918
844
560
936
39
217
753
283
463
868
212
503
177
70
535
269
567
190
699
551
499
595
279
618
259
94
18
403
571
220
674
105
722
980
550
600
187
566
346
437
189
679
556
768
956
749
652
468
471
940
482
209
408
364
833
280
747
25
806
813
295
204
319
243
985
960
200
31
198
182
521
382
27
267
812
622
273
932
274
359
790
46
35
900
977
755
726
867
836
601
642
397
966
628
61
901
853
374
569
164
384
96
814
809
68
856
886
332
147
64
669
507
48
583
731
166
680
372
250
313
515
498
131
657
614
575
837
458
973
476
112
911
330
740
962
531
240
727
52
477
201
880
134
838
967
0
299
557
447
276
799
47
675
525
63
704
610
444
788
215
943
145
641
563
941
797
419
502
102
410
277
711
219
23
490
449
69
469
770
53
712
830
54
389
211
100
394
178
88
817
798
737
602
17
629
475
256
707
77
829
7
576
486
453
436
872
93
927
288
889
859
717
257
978
949
55
715
480
547
938
172
210
585
235
261
103
129
811
863
791
541
865
334
822
599
821
493
228
32
672
375
578
242
466
631
986
792
501
451
239
693
138
630
818
294
756
116
89
607
660
713
808
991
609
781
371
11
696
854
995
848
534
952
694
885
990
106
777
593
365
275
625
84
130
671
481
14
965
205
565
667
992
442
9
1000
765
841
10
226
388
314
529
510
281
692
877
137
916
504
914
840
904
247
519
191
194
75
616
474
686
891
109
719
3
126
223
265
135
92
774
975
769
839
428
169
562
902
114
67
870
414
953
500
113
41
20
42
709
98
328
801
111
446
485
260
252
351
920
944
989
462
124
1
533
522
919
993
377
355
233
497
909
908
339
690
536
849
121
432
643
33
308
79
621
663
399
258
730
959
974
898
545
231
928
516
546
284
832
409
861
395
229
542
826
304
406
51
175
333
725
934
450
968
883
572
746
955
133
930
588
685
66
878
207
362
582
411
723
422
430
594
167
668
448
527
876
935
350
735
385
8
721
262
584
225
718
348
161
347
509
950
912
425
104
132
998
597
741
650
701
495
807
942
289
561
596
783
340
617
28
757
415
413
363
789
564
664
634
804
620
148
268
910
300
157
396
188
708
180
661
431
613
554
505
858
988
577
532
338
97
416
186
271
232
234
336
407
939
368
924
923
115
246
484
796
83
579
976
506
742
508
72
623
263
434
888
49
979
589
460
647
761
398
996
688
143
517
874
155
22
518
827
487
320
150
720
174
473
266
383
683
324
733
321
452
224
750
598
984
386
513
387
958
857
208
758
528
128
293
464
264
823
38
651
710
488
312
337
91
633
759
890
101
149
850
905
400
574
580
170
139
945
90
716
520
136
626
608
467
140
241
108
445
435
659
847
605
163
773
882
705
982
775
766
110
78
426
151
815
724
272
842
689
658
127
649
160
2
298
767
193
302
85
931
739
16
376
915
800
373
648
29
640
119
199
638
325
249
511
13
254
738
74
571
482
404
263
550
28
597
403
159
387
359
745
710
804
490
479
541
525
869
23
526
508
792
13
34
713
46
994
33
885
348
101
120
282
365
400
704
66
621
26
484
395
974
229
687
291
861
193
381
513
732
940
670
716
62
72
470
413
445
922
700
859
276
321
890
865
614
679
467
616
351
738
868
334
524
916
715
448
237
350
313
938
565
386
461
979
92
780
420
16
122
392
612
721
44
577
360
880
361
646
933
546
725
456
743
769
595
165
337
884
754
84
622
244
213
358
882
664
142
304
617
388
972
817
958
189
883
459
335
149
598
703
417
926
65
462
178
503
553
652
733
628
949
169
964
442
689
790
259
344
487
367
172
221
925
610
311
452
572
3
422
915
136
574
45
602
750
354
583
139
497
99
728
397
782
530
993
973
208
543
696
580
592
701
465
247
504
463
240
566
345
534
289
132
186
77
913
146
912
377
194
489
184
829
629
425
992
894
636
207
245
542
673
956
91
943
538
528
296
432
601
481
765
255
342
94
747
460
848
519
55
578
727
830
881
457
665
278
252
698
63
768
174
625
970
920
126
924
879
80
791
475
854
258
27
866
559
929
85
389
643
953
523
978
923
937
180
789
52
573
269
106
273
177
963
983
539
748
123
451
966
265
375
548
586
107
329
831
667
303
611
982
756
440
557
364
391
645
889
69
131
453
380
188
390
198
741
996
356
932
917
14
656
151
832
599
619
976
89
280
842
332
720
901
82
813
200
486
248
203
338
284
5
197
414
594
75
867
786
936
771
569
603
554
824
811
234
705
324
281
777
576
661
638
892
68
668
742
556
434
927
277
896
680
30
903
429
808
969
300
499
784
980
532
947
1
878
450
421
369
682
521
100
823
908
515
219
822
1000
876
471
653
383
319
118
195
117
607
837
384
290
60
330
860
436
759
863
336
199
428
243
18
347
955
722
42
254
402
226
401
298
795
529
690
544
78
604
760
779
986
855
249
847
906
888
772
650
93
154
844
163
968
805
723
826
343
70
394
891
658
699
339
957
130
505
836
373
799
785
584
663
520
283
498
201
439
954
877
302
502
995
299
509
930
632
314
657
875
800
157
112
950
898
739
468
147
353
371
108
587
501
731
605
787
191
843
39
2
379
168
25
897
485
627
310
527
158
455
952
517
241
905
939
807
155
477
227
24
593
798
466
672
907
398
406
615
340
585
775
187
308
654
776
21
675
363
41
483
196
473
378
20
737
264
137
127
53
735
433
315
887
40
714
819
74
128
43
536
516
202
962
51
708
685
858
67
111
507
141
719
370
480
500
746
35
649
678
164
967
981
474
895
288
357
755
707
655
783
904
7
156
246
266
845
660
114
210
862
533
900
295
639
730
522
568
874
293
8
327
589
944
729
596
608
275
706
222
751
975
19
385
803
640
443
893
545
931
564
899
32
140
634
135
838
209
547
48
648
562
56
919
770
935
647
630
683
416
491
372
853
449
702
366
945
152
144
145
407
870
294
312
12
941
446
260
316
761
549
709
110
511
31
444
984
217
4
90
495
757
810
561
143
971
582
766
458
659
618
717
684
637
15
150
6
469
96
233
251
688
170
242
179
686
857
211
133
192
232
987
644
346
774
806
9
613
849
676
105
176
985
835
959
886
841
71
349
205
287
362
355
441
412
6975
