442
562
490
654
548
600
498
556
653
629
548
522
407
509
636
595
303
413
587
706
424
486
609
590
334
478
485
503
542
637
358
486
375
651
531
390
466
518
430
533
249
574
642
465
503
538
368
372
550
570
540
643
437
546
479
308
574
457
618
391
523
504
503
372
544
516
449
539
579
507
654
478
495
397
531
574
563
495
248
502
517
359
491
588
422
374
446
357
559
615
465
465
405
501
415
465
378
433
482
603
448
518
557
588
473
563
546
726
542
481
663
345
599
504
532
314
569
547
474
687
505
495
467
575
648
648
448
406
519
357
507
605
578
589
464
600
477
516
556
469
445
353
395
545
368
555
350
503
431
594
437
287
568
563
595
489
582
621
615
542
465
700
476
457
660
583
423
724
514
492
480
523
395
461
479
442
431
458
530
400
599
443
526
387
619
558
528
394
500
658
551
462
552
538
346
566
355
624
565
457
307
524
432
601
444
474
454
489
427
470
661
424
453
472
586
538
382
548
435
526
578
338
488
510
565
586
528
480
553
612
524
436
490
518
448
574
564
371
474
523
258
420
459
548
363
483
584
493
482
600
504
568
579
529
378
550
505
579
551
289
500
449
539
575
538
521
577
578
699
756
446
527
615
267
472
571
436
595
531
469
448
498
465
473
420
592
471
314
467
484
587
601
341
455
676
594
468
482
398
433
519
731
490
532
577
416
460
532
595
548
569
435
662
506
434
348
576
492
341
430
453
315
503
463
437
417
485
626
456
544
519
433
515
421
630
484
534
445
423
547
384
481
478
638
393
441
578
526
436
550
472
594
465
581
570
274
470
501
465
558
432
423
462
486
529
494
531
557
525
504
543
531
504
445
349
511
413
659
479
442
502
433
548
635
481
477
454
474
497
449
487
598
410
479
590
337
592
535
490
549
374
550
465
625
679
500
605
550
405
437
586
411
538
463
483
609
545
506
503
496
512
480
427
444
473
572
529
518
300
400
358
484
500
372
380
622
585
341
554
649
503
441
379
475
405
406
548
474
591
483
604
586
556
498
646
537
479
481
780
439
470
542
537
506
476
472
545
709
402
656
404
428
485
463
528
582
628
626
493
478
487
514
498
679
444
491
506
404
418
437
324
591
487
393
383
589
487
571
599
484
491
428
613
452
532
486
538
284
515
470
546
672
504
340
493
480
473
421
503
486
515
511
533
613
412
548
437
489
503
584
386
556
526
509
500
483
481
475
494
680
495
596
482
586
460
384
471
643
408
371
410
584
495
506
585
341
524
552
724
422
472
629
745
472
424
671
494
502
431
465
305
394
321
544
508
634
534
455
457
328
499
422
463
603
637
439
578
566
465
434
469
622
421
520
518
550
651
588
452
323
426
525
467
530
451
460
442
638
632
613
572
414
573
602
568
499
579
339
442
530
294
390
338
532
452
478
413
656
391
568
326
551
459
611
373
416
346
445
622
536
594
546
579
563
418
480
414
594
461
428
362
678
519
623
379
271
739
415
477
561
571
535
451
653
329
558
465
310
589
605
588
378
341
459
673
527
466
515
505
394
610
454
569
498
563
327
548
610
420
473
433
518
572
450
596
602
364
496
668
367
425
529
479
615
526
528
424
419
517
512
499
532
469
586
379
644
583
477
470
472
581
439
382
555
598
461
541
530
595
613
565
585
528
600
491
580
512
457
680
399
413
499
531
560
383
493
542
503
463
617
383
540
553
540
493
559
423
495
443
616
549
381
475
582
491
520
492
574
541
422
433
465
667
418
485
403
587
542
504
637
574
568
450
618
448
460
449
548
528
443
446
277
432
499
338
494
538
460
388
533
554
344
324
394
316
523
378
546
566
404
441
521
450
511
514
648
534
465
632
389
291
627
555
641
524
520
509
508
658
592
542
327
315
398
283
489
548
375
503
558
479
404
569
441
652
530
430
639
517
570
617
533
361
358
477
519
505
441
432
666
583
649
413
435
484
543
510
539
324
534
662
498
413
460
633
451
439
608
360
365
473
469
601
424
657
470
531
574
745
410
562
466
536
392
500
399
353
576
583
414
658
508
583
538
526
492
488
637
506
490
568
321
528
559
571
459
403
639
438
502
427
457
583
535
349
473
362
420
555
328
431
549
493
640
534
426
579
540
478
550
564
468
456
437
629
435
361
607
563
462
506
664
523
508
559
572
431
538
544
356
581
574
609
638
490
667
325
448
462
639
624
590
547
557
632
461
381
563
512
504
338
370
403
443
587
483
578
545
538
521
553
560
422
413
503
528
302
518
609
1029
